 	Area	Mean	StdDev	Min	Max	Perim.	BX	BY	Width	Height	Major	Minor	Angle	Circ.	AR	Round	Solidity
1	10213	36.333	30.595	0	134	450.718	20	1	128	115	124.315	104.602	145.612	0.632	1.188	0.841	0.923
2	11387	49.617	38.444	0	174	454.617	1334	1	121	130	148.929	97.351	51.196	0.692	1.530	0.654	0.944
3	5503	43.695	40.203	0	168	330.409	1749	1	111	68	110.411	63.460	11.634	0.633	1.740	0.575	0.929
4	11484	45.771	40.600	0	166	477.546	1765	48	138	114	139.506	104.812	160.153	0.633	1.331	0.751	0.930
5	19724	49.607	33.697	0	157	628.968	479	169	160	194	189.667	132.408	122.296	0.627	1.432	0.698	0.937
6	181	37.856	16.225	2	103	57.355	3915	224	19	17	19.637	11.736	49.196	0.691	1.673	0.598	0.842
7	160	42.719	18.535	5	95	62.527	3917	242	21	14	17.664	11.533	174.372	0.514	1.532	0.653	0.737
8	21	11.143	5.986	2	22	22.485	3996	364	3	10	8.814	3.033	89.451	0.522	2.906	0.344	0.857
9	14789	44.609	36.415	0	171	519.529	1622	434	130	161	153.331	122.806	70.547	0.689	1.249	0.801	0.947
10	2948	28.614	23.700	0	104	243.622	3937	466	62	74	75.775	49.535	54.124	0.624	1.530	0.654	0.889
11	15150	44.750	38.180	0	171	530.742	1427	476	174	132	167.287	115.308	167.011	0.676	1.451	0.689	0.947
12	1566	25.131	23.010	0	99	166.711	3955	526	44	54	49.710	40.110	129.163	0.708	1.239	0.807	0.942
13	10754	50.072	42.535	0	164	453.002	2551	608	125	127	141.332	96.881	133.923	0.659	1.459	0.685	0.942
14	16973	42.784	38.550	0	173	583.813	740	692	189	127	184.527	117.114	169.049	0.626	1.576	0.635	0.943
15	10822	46.313	39.945	0	174	463.387	2530	746	119	138	131.204	105.020	99.785	0.633	1.249	0.800	0.913
16	17214	47.936	36.912	0	179	580.541	1128	750	198	129	187.635	116.810	6.461	0.642	1.606	0.623	0.944
17	56	64.232	16.250	26	93	32.385	1365	765	8	12	12.703	5.613	74.600	0.671	2.263	0.442	0.824
18	9153	42.898	37.791	0	173	432.919	2372	785	120	106	119.915	97.185	151.604	0.614	1.234	0.810	0.922
19	17604	46.454	35.406	0	178	600.340	1747	791	179	140	171.954	130.350	173.383	0.614	1.319	0.758	0.941
20	14286	50.864	37.271	0	161	527.085	2199	796	165	130	154.682	117.593	2.559	0.646	1.315	0.760	0.926
21	21099	49.339	35.431	0	173	629.713	896	809	145	184	186.977	143.676	91.213	0.669	1.301	0.768	0.941
22	5644	41.981	37.862	0	156	330.995	2402	884	95	74	95.808	75.006	157.388	0.647	1.277	0.783	0.932
23	9624	50.571	46.253	0	182	449.245	2782	954	99	142	141.474	86.614	79.386	0.599	1.633	0.612	0.929
24	4877	54.531	39.687	0	174	303.522	2420	959	89	76	94.773	65.521	142.693	0.665	1.446	0.691	0.940
25	21961	51.453	34.984	0	175	638.382	1196	1067	194	184	216.496	129.155	39.320	0.677	1.676	0.597	0.947
26	15477	36.240	37.172	0	174	545.571	1449	1073	134	173	186.699	105.549	64.861	0.653	1.769	0.565	0.953
27	18155	46.462	37.188	0	169	617.352	2715	1108	186	157	178.966	129.163	26.624	0.599	1.386	0.722	0.939
28	14649	55.369	40.372	0	171	529.772	958	1112	153	150	165.692	112.568	137.612	0.656	1.472	0.679	0.947
29	16640	47.399	34.476	0	169	575.470	73	1118	149	178	173.017	122.454	58.783	0.631	1.413	0.708	0.943
30	9805	46.755	38.551	0	186	414.818	2500	1140	128	106	125.134	99.766	15.512	0.716	1.254	0.797	0.945
31	12906	52.871	40.063	0	167	483.973	1579	1163	139	132	132.893	123.652	28.517	0.692	1.075	0.930	0.951
32	9227	44.017	42.836	0	178	424.174	2298	1178	114	132	117.204	100.237	99.304	0.644	1.169	0.855	0.925
33	15265	43.173	36.848	0	164	562.399	1729	1190	120	172	174.599	111.318	80.386	0.606	1.568	0.638	0.931
34	33	25.909	12.169	3	47	24.728	1240	1252	7	8	7.912	5.310	104.922	0.678	1.490	0.671	0.759
35	10135	55.320	36.507	0	161	426.375	2283	1296	107	126	125.393	102.911	74.114	0.701	1.218	0.821	0.952
36	13767	44.336	32.850	0	160	503.529	1048	1378	141	142	146.480	119.666	33.945	0.682	1.224	0.817	0.935
37	18666	46.172	33.534	0	158	653.612	1369	1406	212	128	217.055	109.494	9.109	0.549	1.982	0.504	0.923
38	7784	40.953	31.435	0	157	380.291	1	1444	90	113	110.749	89.490	85.660	0.676	1.238	0.808	0.949
39	6103	44.209	41.945	0	167	331.948	2240	1551	106	79	103.015	75.431	2.774	0.696	1.366	0.732	0.946
40	7255	39.113	40.300	0	164	376.978	2224	1607	107	101	102.058	90.511	21.871	0.642	1.128	0.887	0.917
41	13381	37.734	34.041	0	149	525.855	1895	1615	178	128	172.031	99.036	24.851	0.608	1.737	0.576	0.909
42	293	73.857	26.212	2	114	101.456	3988	1665	11	44	38.289	9.743	84.674	0.358	3.930	0.254	0.841
43	22005	48.483	30.456	0	158	727.110	2892	1675	213	153	208.233	134.549	12.800	0.523	1.548	0.646	0.911
44	4698	32.819	32.083	0	165	311.321	2000	1685	107	73	101.537	58.911	7.260	0.609	1.724	0.580	0.908
45	5496	51.011	32.746	0	148	312.451	833	1692	94	75	96.275	72.685	5.615	0.707	1.325	0.755	0.941
46	475	11.549	6.034	0	32	108.569	3776	1701	33	22	31.247	19.355	17.989	0.506	1.614	0.619	0.847
47	16	12.000	5.657	2	22	20.728	3810	1706	8	5	6.449	3.159	25.579	0.468	2.041	0.490	0.593
48	45	11.067	6.246	0	28	36.042	3824	1712	13	8	11.069	5.176	177.664	0.435	2.138	0.468	0.592
49	17	14.824	4.680	9	23	15.071	3770	1714	4	5	5.037	4.298	120.964	0.941	1.172	0.853	0.919
50	440	12.691	7.328	0	40	99.012	3780	1722	32	20	28.502	19.655	10.506	0.564	1.450	0.690	0.815
51	18	14.778	9.091	3	33	17.314	3814	1738	7	4	6.120	3.745	8.296	0.755	1.634	0.612	0.818
52	315	10.502	6.937	0	34	96.468	3815	1741	26	24	22.650	17.707	128.129	0.425	1.279	0.782	0.711
53	20	7.100	3.447	1	13	19.899	3809	1743	7	5	6.552	3.887	173.164	0.635	1.686	0.593	0.727
54	7669	42.227	36.379	0	157	376.049	1982	1745	121	90	119.334	81.825	10.166	0.681	1.458	0.686	0.932
55	48	59.333	18.208	8	97	29.799	3208	1753	11	8	10.785	5.667	25.787	0.679	1.903	0.525	0.787
56	5902	48.417	36.676	0	154	326.149	823	1761	92	92	93.567	80.313	44.829	0.697	1.165	0.858	0.947
57	5934	50.867	33.115	0	152	331.889	211	1894	106	93	99.209	76.156	156.941	0.677	1.303	0.768	0.938
58	5183	47.173	35.200	0	147	323.404	172	1931	107	82	106.132	62.179	155.786	0.623	1.707	0.586	0.929
59	17733	35.968	29.829	0	151	609.654	687	1944	149	172	165.411	136.498	81.678	0.600	1.212	0.825	0.936
60	20313	26.800	33.895	0	151	643.512	51	2002	178	165	170.330	151.842	176.955	0.616	1.122	0.891	0.938
61	10208	51.101	37.477	0	166	435.931	886	2004	110	131	126.388	102.836	117.712	0.675	1.229	0.814	0.939
62	7815	48.026	33.091	0	156	418.291	1	2033	89	139	125.398	79.350	105.407	0.561	1.580	0.633	0.938
63	11656	45.928	34.376	0	144	472.458	426	2050	137	124	132.392	112.098	160.959	0.656	1.181	0.847	0.944
64	30	18.433	9.912	7	43	24.142	3995	2061	4	10	9.668	3.951	85.306	0.647	2.447	0.409	0.833
65	13251	46.546	31.689	0	154	556.583	630	2063	132	152	156.498	107.808	128.568	0.538	1.452	0.689	0.889
66	7861	29.872	32.787	0	132	401.446	3875	2133	124	109	129.707	77.166	138.337	0.613	1.681	0.595	0.886
67	38	18.816	9.792	0	35	28.385	2930	2139	10	8	9.601	5.039	34.194	0.593	1.905	0.525	0.738
68	68	69.676	28.927	8	122	33.799	849	2161	13	7	13.315	6.502	1.286	0.748	2.048	0.488	0.855
69	533	33.326	18.960	1	93	120.468	783	2164	27	41	37.933	17.890	116.190	0.462	2.120	0.472	0.732
70	96	38.021	23.143	3	86	38.728	801	2171	14	8	14.691	8.320	2.660	0.804	1.766	0.566	0.937
71	705	32.674	21.439	0	82	137.882	814	2172	31	42	39.022	23.003	117.265	0.466	1.696	0.589	0.737
72	50	35.780	28.369	2	109	26.142	861	2177	7	9	9.044	7.039	84.110	0.919	1.285	0.778	0.917
73	257	35.486	21.823	4	87	67.941	763	2180	22	17	21.358	15.321	174.695	0.700	1.394	0.717	0.848
74	218	25.124	19.838	0	88	70.770	860	2186	13	29	24.828	11.180	83.072	0.547	2.221	0.450	0.826
75	35	47.171	12.028	17	71	24.485	843	2205	4	10	10.677	4.174	88.892	0.734	2.558	0.391	0.933
76	242	73.364	34.967	3	129	77.598	742	2209	15	30	32.295	9.541	106.043	0.505	3.385	0.295	0.826
77	43	39.953	13.617	11	64	28.385	798	2214	8	10	10.385	5.272	122.292	0.671	1.970	0.508	0.796
78	44	32.091	14.692	8	69	33.799	768	2219	10	11	9.993	5.606	45.576	0.484	1.783	0.561	0.624
79	20	33.850	12.987	10	61	20.728	807	2222	6	7	7.856	3.241	135.944	0.585	2.424	0.413	0.690
80	109	29.890	12.861	3	53	45.456	777	2223	14	14	12.517	11.088	140.638	0.663	1.129	0.886	0.799
81	671	63.273	34.393	0	132	153.539	850	2244	21	64	62.399	13.692	99.032	0.358	4.557	0.219	0.796
82	27	21.778	11.810	4	43	23.556	802	2246	9	6	9.081	3.786	152.438	0.611	2.399	0.417	0.761
83	65	31.677	12.784	3	60	40.042	812	2246	13	11	14.591	5.672	31.046	0.509	2.572	0.389	0.756
84	279	74.014	28.911	4	123	86.326	756	2248	26	28	36.167	9.822	132.204	0.470	3.682	0.272	0.791
85	100	32.890	13.225	5	63	44.527	782	2254	15	14	14.740	8.638	42.953	0.634	1.706	0.586	0.735
86	22	22.136	9.099	8	41	26.385	816	2265	11	6	11.445	2.447	24.259	0.397	4.676	0.214	0.657
87	229	32.598	15.758	4	66	65.598	810	2280	17	21	20.498	14.224	79.288	0.669	1.441	0.694	0.822
88	353	63.161	37.753	0	132	78.912	836	2302	26	23	28.399	15.827	35.376	0.712	1.794	0.557	0.876
89	11639	47.598	35.234	0	156	467.044	2458	2344	128	128	131.942	112.316	46.609	0.671	1.175	0.851	0.947
90	54	25.204	9.531	7	47	32.385	1202	2384	10	9	12.041	5.710	29.664	0.647	2.109	0.474	0.800
91	15787	43.950	38.260	0	159	539.529	2089	2390	146	145	160.349	125.355	48.440	0.682	1.279	0.782	0.954
92	110	74.836	24.835	18	115	64.385	1	2516	6	29	28.401	4.931	91.645	0.333	5.759	0.174	0.837
93	12772	50.391	35.570	0	162	538.014	1913	2574	113	169	162.793	99.892	96.823	0.554	1.630	0.614	0.923
94	7504	40.536	26.729	0	136	386.090	1441	2605	83	132	122.926	77.725	100.125	0.633	1.582	0.632	0.930
95	12892	41.230	27.368	0	153	534.659	1513	2614	123	166	177.391	92.533	113.745	0.567	1.917	0.522	0.903
96	1457	57.850	29.992	1	142	171.924	2601	2631	52	40	51.074	36.322	12.025	0.619	1.406	0.711	0.887
97	11518	44.730	30.869	0	149	468.985	1367	2681	136	136	128.954	113.724	116.498	0.658	1.134	0.882	0.928
98	10250	39.157	31.242	0	132	450.174	3894	2699	105	130	126.073	103.517	94.917	0.636	1.218	0.821	0.939
99	14492	47.414	33.464	0	153	534.458	297	2778	147	138	142.651	129.349	28.342	0.638	1.103	0.907	0.943
100	125	21.592	10.086	5	44	48.284	2121	2851	14	15	12.969	12.272	111.572	0.674	1.057	0.946	0.804
