 	Area	Mean	StdDev	Min	Max	Perim.	BX	BY	Width	Height	Major	Minor	Angle	Circ.	AR	Round	Solidity
1	19850	25.222	36.119	0	155	604.659	2009	1	171	161	168.438	150.048	136.303	0.682	1.123	0.891	0.952
2	5736	34.142	37.264	0	140	357.765	2868	1	113	72	110.672	65.991	176.506	0.563	1.677	0.596	0.859
3	621	56.138	25.243	1	113	102.326	2969	1	34	27	31.941	24.754	177.795	0.745	1.290	0.775	0.917
4	10175	36.070	30.812	0	135	493.747	3036	1	136	125	142.079	91.183	44.905	0.524	1.558	0.642	0.900
5	17443	40.534	35.773	0	146	589.227	2669	7	167	156	166.452	133.427	139.429	0.631	1.248	0.802	0.924
6	13996	38.486	33.313	0	149	497.730	3116	58	144	139	147.374	120.919	136.996	0.710	1.219	0.820	0.951
7	10473	32.762	20.878	0	130	459.831	3659	62	147	122	163.165	81.725	145.829	0.622	1.997	0.501	0.939
8	11178	35.758	34.785	0	145	441.990	2859	64	113	136	143.688	99.050	62.261	0.719	1.451	0.689	0.953
9	22	9.500	3.713	2	15	20.142	3985	106	5	8	8.248	3.396	115.613	0.681	2.429	0.412	0.759
10	12981	49.568	35.202	0	160	480.517	2251	144	148	112	150.618	109.734	169.559	0.706	1.373	0.729	0.946
11	16732	43.918	30.790	0	144	581.713	3064	171	161	172	178.472	119.368	131.680	0.621	1.495	0.669	0.920
12	9672	48.520	36.317	0	167	419.546	689	490	109	119	121.122	101.673	99.850	0.691	1.191	0.839	0.937
13	15128	38.602	38.926	0	163	546.014	2219	518	113	188	184.660	104.308	85.750	0.638	1.770	0.565	0.952
14	16385	50.085	37.154	0	168	551.772	1055	529	134	155	157.820	132.189	112.998	0.676	1.194	0.838	0.941
15	90	59.922	15.365	10	92	35.556	2545	866	11	10	11.316	10.127	35.554	0.895	1.117	0.895	0.914
16	781	55.867	29.114	3	144	159.681	2656	1042	48	46	54.767	18.157	146.741	0.385	3.016	0.332	0.697
17	25	23.320	8.731	5	40	21.556	1174	1063	6	8	6.867	4.636	98.018	0.676	1.481	0.675	0.725
18	97	77.144	36.048	7	143	38.284	2641	1064	11	14	12.779	9.665	81.535	0.832	1.322	0.756	0.847
19	97	77.495	49.420	3	161	36.870	2633	1073	12	12	11.243	10.985	93.728	0.897	1.023	0.977	0.878
20	246	81.557	45.837	2	156	68.083	2615	1078	21	23	25.080	12.489	46.779	0.667	2.008	0.498	0.841
21	133	27.271	12.477	1	60	52.284	2659	1084	17	14	14.223	11.906	178.471	0.611	1.195	0.837	0.764
22	86	25.674	11.872	4	50	40.870	2674	1090	13	13	14.102	7.765	131.364	0.647	1.816	0.551	0.775
23	258	92.950	45.697	4	168	72.912	2600	1099	19	28	30.280	10.849	62.400	0.610	2.791	0.358	0.847
24	54	54.963	23.161	3	100	38.627	2712	1099	11	13	11.764	5.844	117.309	0.455	2.013	0.497	0.639
25	260	77.585	39.334	2	143	74.426	2621	1112	17	29	30.727	10.774	112.401	0.590	2.852	0.351	0.848
26	63	66.889	29.494	7	113	44.042	2707	1113	11	14	11.068	7.248	67.097	0.408	1.527	0.655	0.660
27	64	61.594	28.527	8	111	34.142	2723	1131	7	13	13.436	6.065	83.748	0.690	2.215	0.451	0.853
28	47	90.149	15.273	41	116	36.627	2693	1136	9	14	14.982	3.994	62.455	0.440	3.751	0.267	0.712
29	2084	43.967	42.342	0	152	309.421	2631	1142	100	51	97.320	27.265	159.912	0.274	3.569	0.280	0.640
30	17	27.000	12.590	13	50	22.728	2716	1147	9	5	8.920	2.427	19.553	0.414	3.676	0.272	0.630
31	52	34.385	15.197	9	69	28.385	2704	1150	11	7	11.412	5.802	165.715	0.811	1.967	0.508	0.852
32	14649	48.600	37.752	0	154	529.044	1432	1229	162	133	147.422	126.519	168.155	0.658	1.165	0.858	0.932
33	17836	50.918	35.417	0	179	573.269	660	1260	173	152	163.696	138.729	177.398	0.682	1.180	0.847	0.946
34	15269	47.541	33.926	0	166	524.600	2599	1260	154	144	148.730	130.714	160.036	0.697	1.138	0.879	0.958
35	13665	41.497	36.568	0	166	497.931	1155	1295	146	129	150.216	115.825	152.725	0.693	1.297	0.771	0.942
36	15908	47.291	34.223	0	172	554.115	2308	1341	165	138	155.606	130.166	179.238	0.651	1.195	0.837	0.946
37	15015	48.068	37.003	0	168	562.843	772	1393	175	115	184.860	103.417	165.751	0.596	1.788	0.559	0.945
38	16037	42.105	32.807	0	170	532.073	1113	1488	136	144	147.891	138.068	39.534	0.712	1.071	0.934	0.950
39	15716	38.318	32.739	0	152	566.642	1587	1540	183	124	176.082	113.642	170.653	0.615	1.549	0.645	0.897
40	355	12.245	7.924	0	47	117.882	3828	1561	24	29	28.656	15.774	80.363	0.321	1.817	0.550	0.683
41	43	13.558	8.134	2	34	29.213	3858	1578	9	10	8.348	6.559	135.508	0.633	1.273	0.786	0.717
42	10044	49.979	36.522	0	162	442.843	202	1585	131	114	124.277	102.902	11.921	0.644	1.208	0.828	0.951
43	62	13.419	6.649	2	31	32.971	3843	1590	12	8	11.560	6.829	19.099	0.717	1.693	0.591	0.795
44	11411	45.817	36.204	0	172	458.215	116	1643	146	117	140.959	103.072	154.964	0.683	1.368	0.731	0.949
45	9789	40.696	31.870	0	150	487.487	728	1735	112	145	141.391	88.151	64.060	0.518	1.604	0.623	0.829
46	84	15.655	7.810	0	35	38.042	816	1823	12	12	11.216	9.535	126.142	0.729	1.176	0.850	0.848
47	36	36.556	17.651	16	73	32.485	827	1836	3	15	14.944	3.067	90.763	0.429	4.872	0.205	0.900
48	135	31.430	22.859	2	94	49.355	799	1844	18	14	16.451	10.449	155.284	0.696	1.574	0.635	0.813
49	13391	47.968	36.494	0	173	500.357	2531	1856	153	131	158.094	107.847	145.018	0.672	1.466	0.682	0.945
50	1277	64.132	35.097	0	141	150.368	3081	1856	50	36	48.619	33.442	162.397	0.710	1.454	0.688	0.917
51	60	43.483	27.960	2	107	32.627	821	1858	10	11	9.957	7.672	46.399	0.708	1.298	0.771	0.811
52	115	24.783	21.969	1	80	45.799	792	1862	13	12	14.667	9.983	26.069	0.689	1.469	0.681	0.868
53	12069	41.373	29.639	0	137	488.073	3843	1880	129	122	137.264	111.950	134.210	0.637	1.226	0.816	0.925
54	140	96.671	21.153	35	133	69.598	728	2070	15	28	27.647	6.447	111.882	0.363	4.288	0.233	0.690
55	207	71.918	24.739	8	110	69.113	3934	2079	26	15	27.708	9.512	18.873	0.545	2.913	0.343	0.790
56	122	61.918	23.390	4	106	46.870	3961	2082	17	12	17.970	8.644	164.138	0.698	2.079	0.481	0.838
57	23	83.435	14.783	57	111	20.142	769	2083	4	8	7.780	3.764	99.278	0.712	2.067	0.484	0.793
58	16	34.562	11.254	8	50	15.314	803	2089	5	5	4.761	4.279	122.688	0.857	1.113	0.899	0.780
59	111	64.252	22.265	17	99	47.698	3975	2089	17	12	17.192	8.221	160.500	0.613	2.091	0.478	0.768
60	73	78.616	23.832	26	113	35.698	3924	2092	11	13	11.978	7.760	57.438	0.720	1.544	0.648	0.777
61	63	62.413	21.786	23	100	41.799	3991	2096	8	17	14.630	5.483	110.068	0.453	2.668	0.375	0.720
62	89	91.180	28.166	23	138	38.627	740	2097	10	14	15.569	7.278	117.528	0.750	2.139	0.467	0.873
63	72	67.958	16.482	16	98	66.669	847	2099	27	16	28.687	3.196	148.366	0.204	8.977	0.111	0.598
64	143	71.301	27.491	9	116	50.770	3909	2099	18	15	18.015	10.107	35.507	0.697	1.782	0.561	0.824
65	14686	48.231	32.952	0	156	539.085	401	2103	134	161	162.158	115.312	61.689	0.635	1.406	0.711	0.932
66	33	38.000	22.909	2	82	24.971	754	2107	8	8	9.571	4.390	55.995	0.665	2.180	0.459	0.776
67	274	63.474	28.833	6	119	80.669	3953	2110	23	27	28.999	12.030	133.747	0.529	2.410	0.415	0.797
68	163	89.319	30.425	17	146	61.213	743	2112	10	22	24.146	8.595	87.176	0.547	2.809	0.356	0.793
69	36	48.194	21.946	6	77	26.728	824	2123	5	11	11.343	4.041	99.444	0.633	2.807	0.356	0.837
70	22	19.591	10.395	7	40	17.314	3927	2127	6	5	5.893	4.754	176.447	0.922	1.240	0.807	0.863
71	47	56.191	16.558	21	80	27.213	3977	2128	9	9	9.786	6.115	142.601	0.798	1.600	0.625	0.797
72	299	92.428	29.908	25	143	100.225	747	2134	27	36	39.922	9.536	123.989	0.374	4.186	0.239	0.655
73	44	33.591	6.766	17	48	26.385	3990	2146	8	9	8.804	6.363	58.363	0.794	1.384	0.723	0.793
74	23	18.826	6.617	11	31	22.728	3928	2155	9	5	6.812	4.299	6.259	0.560	1.585	0.631	0.687
75	96	77.906	18.505	25	107	41.698	3905	2157	14	13	15.238	8.021	50.617	0.694	1.900	0.526	0.824
76	22	27.409	16.023	6	61	22.142	3975	2162	9	5	9.764	2.869	24.211	0.564	3.404	0.294	0.733
77	161	79.963	27.412	15	137	61.355	771	2167	24	14	25.528	8.030	158.619	0.537	3.179	0.315	0.754
78	200	65.365	25.114	7	114	66.184	3893	2167	19	22	21.121	12.057	49.071	0.574	1.752	0.571	0.769
79	103	31.223	15.036	4	66	44.284	3959	2168	13	14	13.018	10.074	84.405	0.660	1.292	0.774	0.755
80	26	93.731	10.022	70	110	29.799	3984	2171	7	12	11.880	2.787	63.945	0.368	4.263	0.235	0.612
81	59	40.102	10.359	14	59	37.213	843	2178	6	15	14.369	5.228	90.525	0.535	2.748	0.364	0.752
82	34	27.235	10.832	3	48	26.728	3955	2181	6	10	9.806	4.415	62.248	0.598	2.221	0.450	0.800
83	23	16.609	5.590	4	30	18.485	871	2182	4	7	6.870	4.263	92.321	0.846	1.612	0.621	0.920
84	55	42.327	27.402	7	91	45.113	3933	2182	16	13	18.518	3.782	144.446	0.340	4.897	0.204	0.640
85	22	100.227	10.109	81	120	18.142	774	2183	6	6	6.322	4.431	51.433	0.840	1.427	0.701	0.830
86	39	30.256	11.778	10	58	32.627	3967	2194	13	8	14.041	3.537	28.144	0.460	3.970	0.252	0.690
87	26	63.385	15.224	27	96	30.142	881	2195	4	13	11.499	2.879	78.862	0.360	3.994	0.250	0.693
88	111	39.883	17.895	8	73	40.870	3950	2203	14	12	15.120	9.347	143.941	0.835	1.618	0.618	0.871
89	51	19.471	8.652	3	35	44.870	845	2208	10	15	10.032	6.473	77.107	0.318	1.550	0.645	0.528
90	115	73.791	18.946	31	105	61.213	873	2209	9	26	23.621	6.199	79.193	0.386	3.811	0.262	0.723
91	114	45.816	24.183	2	85	47.113	3970	2219	17	13	16.856	8.611	21.552	0.645	1.958	0.511	0.781
92	17	40.176	8.064	28	52	27.314	803	2233	4	12	9.686	2.235	102.450	0.286	4.334	0.231	0.531
93	22	58.227	8.292	42	74	22.971	849	2239	6	9	7.809	3.587	120.393	0.524	2.177	0.459	0.657
94	19	8.526	3.850	2	18	16.728	776	2249	5	6	5.544	4.363	138.491	0.853	1.271	0.787	0.792
95	173	39.468	17.884	2	89	69.113	843	2249	13	27	25.711	8.567	83.384	0.455	3.001	0.333	0.703
96	18053	39.693	26.768	0	130	577.470	3801	2266	174	135	176.414	130.294	7.181	0.680	1.354	0.739	0.946
97	113	56.735	13.538	29	89	57.698	843	2281	12	21	18.203	7.904	108.019	0.427	2.303	0.434	0.681
98	53	94.717	12.240	57	119	48.042	803	2289	10	19	19.220	3.511	106.081	0.289	5.474	0.183	0.546
99	36	96.250	13.404	57	120	24.971	812	2308	8	8	10.402	4.406	136.921	0.726	2.361	0.424	0.818
100	38	98.000	14.794	67	125	26.385	821	2316	9	8	10.609	4.561	134.240	0.686	2.326	0.430	0.817
101	2725	24.415	29.392	0	127	234.853	3924	2334	75	59	77.664	44.674	31.476	0.621	1.738	0.575	0.958
102	8477	39.874	32.799	0	143	399.421	3886	2394	113	99	117.555	91.815	19.520	0.668	1.280	0.781	0.932
103	14274	41.464	36.147	0	152	535.186	862	2420	124	164	159.336	114.062	104.697	0.626	1.397	0.716	0.943
104	1809	47.611	30.587	0	132	284.978	3229	2476	84	47	69.009	33.377	3.335	0.280	2.068	0.484	0.713
105	8823	45.062	33.423	0	157	617.311	3156	2488	158	119	142.360	78.911	140.813	0.291	1.804	0.554	0.694
106	127	41.102	17.229	5	70	48.284	3303	2501	16	13	15.551	10.398	139.217	0.685	1.495	0.669	0.825
107	552	13.562	7.388	0	39	187.581	3278	2505	28	46	32.574	21.576	87.131	0.197	1.510	0.662	0.592
108	76	31.118	12.886	10	76	40.971	3314	2513	12	9	11.390	8.496	2.697	0.569	1.341	0.746	0.800
109	73	22.425	8.571	3	43	31.899	3322	2521	8	10	10.741	8.654	105.160	0.901	1.241	0.806	0.954
110	149	23.168	11.129	2	57	70.770	3316	2529	16	24	23.772	7.980	58.381	0.374	2.979	0.336	0.716
111	41	10.073	6.980	2	35	29.556	3255	2557	7	10	9.202	5.673	97.792	0.590	1.622	0.616	0.726
112	30	17.067	11.120	0	40	22.142	3261	2564	9	5	8.930	4.277	12.463	0.769	2.088	0.479	0.833
113	25	10.200	6.813	0	21	20.142	3285	2569	8	5	8.297	3.836	16.994	0.774	2.163	0.462	0.794
114	41	38.561	15.897	7	71	26.385	3462	2677	7	10	9.216	5.664	61.458	0.740	1.627	0.615	0.812
115	17664	34.260	31.280	0	143	613.897	1076	2728	146	190	196.619	114.386	64.609	0.589	1.719	0.582	0.925
