 	Area	Mean	StdDev	Min	Max	Perim.	BX	BY	Width	Height	Major	Minor	Angle	Circ.	AR	Round	Solidity
1	11373	54.288	35.445	0	174	470.475	1126	1	164	103	153.719	94.201	16.080	0.646	1.632	0.613	0.951
2	14974	46.742	34.435	0	167	567.529	3143	546	155	174	199.692	95.475	129.658	0.584	2.092	0.478	0.939
3	8443	45.471	35.137	0	161	394.877	2807	663	116	97	112.928	95.193	11.641	0.680	1.186	0.843	0.926
4	4438	52.684	41.182	0	164	286.350	2755	677	69	94	94.533	59.774	99.238	0.680	1.581	0.632	0.928
5	11244	52.251	41.141	0	168	486.215	2809	754	145	113	139.763	102.433	7.587	0.598	1.364	0.733	0.923
6	15255	52.042	37.865	0	165	562.541	1656	971	176	144	167.904	115.681	152.307	0.606	1.451	0.689	0.931
7	19418	35.389	36.882	0	159	602.784	2849	1101	169	169	185.308	133.420	129.933	0.672	1.389	0.720	0.947
8	11660	45.210	30.374	0	137	471.487	3623	1234	149	117	140.499	105.666	173.279	0.659	1.330	0.752	0.937
9	14060	47.395	33.158	0	158	512.014	1723	1245	165	124	162.144	110.407	167.912	0.674	1.469	0.681	0.943
10	10989	49.209	34.047	0	143	444.375	3622	1330	116	139	133.102	105.119	118.188	0.699	1.266	0.790	0.940
11	19464	38.539	30.710	0	142	642.039	1638	1757	198	181	191.562	129.370	34.406	0.593	1.481	0.675	0.897
12	12168	43.901	34.169	0	153	469.730	165	1798	120	143	135.937	113.970	103.109	0.693	1.193	0.838	0.948
13	11806	39.393	33.692	0	158	439.931	1364	1876	126	127	125.939	119.358	136.252	0.767	1.055	0.948	0.956
14	13745	44.193	31.306	0	156	473.872	1757	1883	133	146	145.237	120.498	53.104	0.769	1.205	0.830	0.956
15	15414	42.985	32.566	0	150	540.500	1662	1984	134	171	175.654	111.730	61.308	0.663	1.572	0.636	0.941
16	13948	40.150	26.992	0	146	494.884	371	2010	153	142	137.810	128.867	42.496	0.716	1.069	0.935	0.933
17	1664	50.421	29.981	1	128	171.154	1	2027	41	51	54.740	38.704	112.243	0.714	1.414	0.707	0.940
18	12503	51.704	36.352	0	151	484.274	3415	2041	120	147	147.885	107.647	90.712	0.670	1.374	0.728	0.936
19	275	66.673	33.248	3	134	73.983	729	2051	21	26	27.335	12.809	54.810	0.631	2.134	0.469	0.836
20	16312	42.274	26.763	0	142	536.600	473	2065	150	143	159.690	130.059	44.882	0.712	1.228	0.814	0.946
21	77	82.844	35.719	14	134	34.870	721	2073	12	11	10.727	9.139	172.136	0.796	1.174	0.852	0.824
22	1951	57.970	37.720	0	143	213.539	1	2077	40	73	69.742	35.618	74.235	0.538	1.958	0.511	0.918
23	102	84.500	39.866	3	156	38.971	717	2081	10	13	13.763	9.436	75.686	0.844	1.459	0.686	0.911
24	50	47.580	16.348	14	77	27.799	749	2091	10	8	10.682	5.960	29.069	0.813	1.792	0.558	0.840
25	148	96.520	30.787	23	138	59.698	712	2095	13	22	22.623	8.329	70.217	0.522	2.716	0.368	0.785
26	162	86.623	31.575	13	138	55.598	808	2102	20	16	21.600	9.549	148.838	0.659	2.262	0.442	0.812
27	53	44.509	22.331	11	85	34.142	755	2113	14	6	14.424	4.679	6.671	0.571	3.083	0.324	0.835
28	198	81.737	33.159	12	139	66.083	826	2113	21	22	24.558	10.265	135.305	0.570	2.392	0.418	0.769
29	20	21.350	11.338	5	44	19.556	768	2119	7	6	7.983	3.190	133.952	0.657	2.503	0.400	0.741
30	453	48.938	23.804	1	105	110.284	3986	2120	13	46	47.562	12.127	91.932	0.468	3.922	0.255	0.907
31	1032	56.750	35.972	1	157	133.882	891	2124	38	39	41.116	31.958	136.952	0.724	1.287	0.777	0.900
32	1092	58.457	34.219	0	152	154.267	844	2130	52	35	49.163	28.281	158.186	0.577	1.738	0.575	0.860
33	357	69.975	34.334	4	139	114.125	651	2142	42	30	42.846	10.609	37.396	0.344	4.039	0.248	0.647
34	101	42.287	21.660	5	87	49.598	805	2148	17	14	16.663	7.717	148.629	0.516	2.159	0.463	0.692
35	49	34.898	12.771	6	60	27.899	700	2149	11	5	12.013	5.193	176.483	0.791	2.313	0.432	0.942
36	109	50.110	27.643	3	104	63.213	760	2150	29	6	27.179	5.106	178.160	0.343	5.323	0.188	0.799
37	115	27.383	15.417	3	62	53.941	724	2157	14	19	20.754	7.055	112.933	0.497	2.942	0.340	0.723
38	109	30.982	14.955	3	74	42.627	683	2158	13	13	16.692	8.314	45.746	0.754	2.008	0.498	0.886
39	20	28.450	10.385	11	43	18.728	713	2162	6	6	7.712	3.302	35.683	0.717	2.336	0.428	0.784
40	34	36.441	28.846	3	84	22.728	747	2165	6	8	7.262	5.961	54.692	0.827	1.218	0.821	0.850
41	262	57.344	35.992	1	122	67.598	3981	2165	16	25	25.679	12.991	74.147	0.721	1.977	0.506	0.891
42	56	50.482	30.062	13	106	27.899	753	2167	9	7	9.442	7.552	179.459	0.904	1.250	0.800	0.941
43	12419	32.955	29.262	0	139	527.328	563	2168	134	150	144.038	109.779	127.577	0.561	1.312	0.762	0.914
44	172	61.581	35.005	0	131	60.770	763	2169	22	16	24.427	8.965	151.417	0.585	2.725	0.367	0.819
45	661	43.061	36.533	1	131	123.882	780	2170	42	28	41.409	20.324	18.097	0.541	2.037	0.491	0.783
46	58	18.241	9.291	2	37	31.213	885	2177	10	10	11.406	6.474	32.200	0.748	1.762	0.568	0.800
47	48	15.083	8.465	3	38	26.142	699	2179	6	10	9.955	6.139	83.048	0.883	1.621	0.617	0.914
48	346	14.590	8.995	1	42	91.154	853	2185	32	22	25.557	17.237	7.420	0.523	1.483	0.674	0.735
49	918	18.959	10.933	0	56	136.267	819	2189	38	40	36.555	31.975	79.221	0.621	1.143	0.875	0.846
50	54	33.722	15.744	0	70	27.213	676	2201	10	8	10.741	6.401	150.096	0.916	1.678	0.596	0.878
51	135	38.578	17.913	0	73	74.083	684	2207	23	18	18.227	9.430	149.598	0.309	1.933	0.517	0.533
52	92	34.870	14.271	7	71	42.627	718	2207	12	14	11.985	9.773	82.935	0.636	1.226	0.815	0.811
53	106	23.462	14.643	2	71	45.698	751	2208	16	11	15.348	8.794	8.149	0.638	1.745	0.573	0.803
54	260	38.896	17.156	2	77	77.012	731	2212	26	17	26.766	12.368	163.435	0.551	2.164	0.462	0.799
55	73	15.466	8.748	3	37	32.971	790	2219	8	12	12.041	7.719	96.016	0.844	1.560	0.641	0.896
56	311	26.810	18.470	1	75	75.598	758	2229	24	20	23.520	16.836	135.206	0.684	1.397	0.716	0.846
57	31	49.194	11.065	25	76	21.556	710	2232	8	6	7.502	5.261	167.003	0.838	1.426	0.701	0.816
58	432	31.016	16.406	1	76	115.882	719	2243	47	20	43.687	12.591	14.189	0.404	3.470	0.288	0.774
59	71	41.789	21.390	8	79	34.385	860	2244	9	12	13.000	6.954	70.039	0.755	1.869	0.535	0.861
60	148	41.047	21.581	1	78	55.556	859	2257	8	21	23.140	8.144	92.955	0.603	2.841	0.352	0.908
61	16	45.562	15.201	19	69	20.142	697	2260	5	8	8.741	2.331	117.849	0.496	3.751	0.267	0.711
62	76	9.618	4.656	2	21	33.456	756	2260	13	9	12.185	7.942	166.774	0.853	1.534	0.652	0.859
63	35	13.429	7.815	3	34	28.627	796	2262	9	10	11.839	3.764	132.278	0.537	3.145	0.318	0.729
64	34	33.353	18.454	4	70	28.385	806	2271	11	7	10.607	4.081	147.522	0.530	2.599	0.385	0.687
65	122	52.270	14.821	3	90	40.627	3057	2274	13	12	13.462	11.539	23.246	0.929	1.167	0.857	0.914
66	35	37.314	15.169	9	72	32.728	817	2277	14	5	13.248	3.364	172.149	0.411	3.938	0.254	0.707
67	501	39.499	26.636	1	116	129.640	837	2279	30	38	38.354	16.632	58.228	0.375	2.306	0.434	0.628
68	263	74.027	34.401	4	136	78.326	807	2288	21	27	29.818	11.230	119.252	0.539	2.655	0.377	0.796
69	59	75.729	17.302	35	101	29.799	826	2313	9	10	10.242	7.334	127.988	0.835	1.396	0.716	0.825
70	65	64.692	31.943	18	127	34.385	833	2318	12	9	10.955	7.555	22.462	0.691	1.450	0.690	0.793
71	23	24.130	7.509	8	33	18.728	3791	2345	6	6	6.776	4.322	122.420	0.824	1.568	0.638	0.793
72	15065	42.184	33.103	0	159	537.671	2355	2397	131	164	157.004	122.171	67.924	0.655	1.285	0.778	0.949
73	17105	46.547	31.626	0	154	593.955	2758	2425	145	189	189.959	114.650	116.624	0.609	1.657	0.604	0.928
74	53	56.849	19.849	2	85	27.556	1739	2445	9	8	9.905	6.813	40.706	0.877	1.454	0.688	0.891
75	12080	41.864	30.081	0	140	499.345	894	2458	156	102	153.649	100.103	172.218	0.609	1.535	0.652	0.939
76	12298	36.123	28.612	0	135	467.144	1254	2492	128	129	136.288	114.891	37.922	0.708	1.186	0.843	0.946
77	8815	49.029	31.499	0	155	418.676	2471	2517	90	122	122.315	91.760	96.979	0.632	1.333	0.750	0.940
78	6870	42.082	28.205	0	150	375.279	938	2560	91	104	110.228	79.355	77.498	0.613	1.389	0.720	0.888
79	5126	44.464	33.839	0	142	308.451	1018	2560	66	105	103.174	63.258	87.640	0.677	1.631	0.613	0.943
80	13313	43.589	30.519	0	158	515.872	2047	2611	178	104	173.637	97.621	0.398	0.629	1.779	0.562	0.948
81	11323	43.324	32.716	0	148	453.931	2681	2776	136	114	136.391	105.702	13.399	0.691	1.290	0.775	0.938
