 	Area	Mean	StdDev	Min	Max	Perim.	BX	BY	Width	Height	Major	Minor	Angle	Circ.	AR	Round	Solidity
1	7758	53.650	37.847	0	168	369.522	1833	1	122	81	123.976	79.675	172.426	0.714	1.556	0.643	0.952
2	3498	20.521	21.431	0	91	259.338	3697	1	91	55	82.894	53.729	14.037	0.654	1.543	0.648	0.948
3	62	33.758	14.112	2	61	31.213	411	150	11	9	11.068	7.133	158.563	0.800	1.552	0.644	0.816
4	14644	38.829	32.231	0	151	532.357	2973	274	125	171	170.570	109.312	77.050	0.649	1.560	0.641	0.941
5	11159	59.067	39.536	0	168	434.475	1894	869	98	148	148.882	95.432	87.350	0.743	1.560	0.641	0.957
6	14291	55.130	34.829	0	165	513.914	1226	1323	154	143	164.658	110.507	144.328	0.680	1.490	0.671	0.939
7	46115	28.097	32.398	0	172	956.465	2961	1349	200	282	285.524	205.641	96.300	0.633	1.388	0.720	0.959
8	23772	33.570	35.639	0	172	723.186	2833	1357	133	223	228.546	132.435	91.855	0.571	1.726	0.579	0.948
9	14253	37.920	36.360	0	151	560.784	3579	1546	162	155	173.132	104.819	45.136	0.570	1.652	0.605	0.923
10	2409	51.779	35.575	0	146	223.823	355	1561	57	61	63.242	48.500	75.988	0.604	1.304	0.767	0.904
11	204	40.044	20.620	0	90	67.012	450	1582	27	14	25.235	10.293	162.473	0.571	2.452	0.408	0.810
12	16	33.438	14.473	5	52	16.142	407	1584	6	5	6.017	3.386	34.573	0.772	1.777	0.563	0.711
13	69	30.783	15.341	4	67	36.971	434	1584	15	7	14.794	5.938	170.584	0.634	2.491	0.401	0.852
14	2361	37.468	34.407	0	151	248.409	402	1598	59	72	70.701	42.519	60.022	0.481	1.663	0.601	0.785
15	2867	49.364	37.121	0	154	220.894	461	1598	59	72	67.122	54.385	89.673	0.738	1.234	0.810	0.939
16	1331	46.555	45.708	0	151	145.255	355	1623	46	36	46.516	36.432	159.683	0.793	1.277	0.783	0.957
17	830	67.848	36.018	2	152	140.711	909	1660	58	24	54.786	19.290	170.758	0.527	2.840	0.352	0.849
18	100	56.720	24.578	2	100	43.456	897	1668	14	13	12.704	10.023	3.791	0.665	1.267	0.789	0.791
19	375	63.896	44.133	1	149	83.497	861	1673	27	25	30.929	15.438	36.249	0.676	2.003	0.499	0.868
20	542	59.308	40.607	0	140	100.225	957	1675	25	35	33.572	20.556	74.616	0.678	1.633	0.612	0.879
21	23	33.043	19.937	8	70	23.314	868	1708	4	10	9.751	3.003	107.004	0.532	3.247	0.308	0.793
22	12129	39.783	34.633	0	153	554.357	700	2053	162	143	160.927	95.964	149.405	0.496	1.677	0.596	0.853
23	748	52.166	24.867	4	118	121.054	3961	2133	32	38	38.314	24.857	110.751	0.641	1.541	0.649	0.838
24	106	40.160	17.681	2	74	44.385	682	2147	17	9	16.653	8.104	13.069	0.676	2.055	0.487	0.880
25	80	31.913	13.471	4	57	36.971	670	2154	11	11	13.137	7.754	47.293	0.736	1.694	0.590	0.879
26	148	33.696	13.776	6	77	51.941	697	2159	16	17	18.438	10.220	53.683	0.689	1.804	0.554	0.834
27	132	31.705	16.698	5	73	49.698	727	2161	17	13	16.371	10.266	19.559	0.672	1.595	0.627	0.812
28	30	23.267	12.247	5	51	21.556	720	2167	6	8	7.261	5.261	97.423	0.811	1.380	0.725	0.833
29	55	13.636	9.138	3	40	32.971	881	2168	13	7	13.837	5.061	16.578	0.636	2.734	0.366	0.821
30	199	19.769	13.617	0	74	72.912	894	2168	20	22	19.485	13.004	139.745	0.470	1.498	0.667	0.702
31	68	31.824	19.723	4	79	31.556	738	2172	8	11	10.964	7.897	100.039	0.858	1.388	0.720	0.907
32	99	17.242	10.656	3	56	38.971	746	2176	13	10	13.512	9.329	168.316	0.819	1.449	0.690	0.884
33	741	35.035	24.812	0	106	128.610	654	2177	44	36	49.072	19.226	145.551	0.563	2.552	0.392	0.837
34	440	36.280	18.287	2	81	119.296	738	2186	37	27	27.440	20.416	177.331	0.389	1.344	0.744	0.626
35	58	15.034	8.582	2	38	37.113	880	2188	12	13	14.370	5.139	48.200	0.529	2.796	0.358	0.699
36	67	12.955	9.981	0	41	35.799	893	2188	9	12	12.450	6.852	59.042	0.657	1.817	0.550	0.807
37	89	23.472	11.213	4	52	53.113	721	2189	17	12	14.188	7.987	16.528	0.396	1.776	0.563	0.591
38	55	16.055	8.610	0	36	32.971	706	2192	14	6	14.052	4.984	176.782	0.636	2.820	0.355	0.815
39	758	13.292	9.992	0	53	148.711	793	2196	31	56	57.844	16.685	107.192	0.431	3.467	0.288	0.759
40	241	58.378	46.124	1	140	71.841	885	2199	22	21	18.332	16.739	68.970	0.587	1.095	0.913	0.776
41	21	16.333	6.514	4	24	17.314	783	2204	7	4	6.344	4.215	168.254	0.880	1.505	0.664	0.875
42	64	30.969	17.013	2	72	31.799	697	2207	9	11	10.245	7.954	118.840	0.795	1.288	0.776	0.883
43	102	82.020	23.619	30	119	44.627	3976	2211	12	14	14.595	8.898	113.844	0.644	1.640	0.610	0.803
44	326	20.206	17.437	0	74	86.326	862	2212	30	22	30.648	13.543	31.366	0.550	2.263	0.442	0.810
45	126	39.968	20.212	1	84	65.698	760	2213	20	16	14.886	10.777	25.670	0.367	1.381	0.724	0.583
46	74	26.892	16.547	3	64	35.213	707	2215	11	11	14.022	6.719	135.690	0.750	2.087	0.479	0.886
47	65	35.277	13.762	4	57	31.314	719	2222	12	6	12.506	6.618	177.410	0.833	1.890	0.529	0.949
48	27	12.963	4.973	3	24	22.385	691	2224	8	6	6.699	5.132	15.541	0.677	1.306	0.766	0.750
49	241	28.382	15.265	3	63	85.841	729	2224	31	19	30.245	10.145	159.698	0.411	2.981	0.335	0.750
50	179	51.117	24.174	6	109	58.770	651	2226	20	17	23.998	9.497	144.106	0.651	2.527	0.396	0.836
51	298	76.148	28.414	13	127	83.012	3980	2226	19	31	34.978	10.847	118.956	0.543	3.225	0.310	0.847
52	1044	31.797	25.221	0	107	160.752	804	2234	58	39	59.176	22.463	25.891	0.508	2.634	0.380	0.776
53	22	10.955	4.894	2	21	18.142	786	2238	6	6	6.859	4.084	44.040	0.840	1.680	0.595	0.815
54	93	23.226	14.507	3	58	41.456	704	2244	16	9	15.844	7.473	18.007	0.680	2.120	0.472	0.845
55	240	54.208	33.464	0	119	67.598	671	2248	19	19	21.131	14.461	145.491	0.660	1.461	0.684	0.829
56	115	83.896	23.381	14	129	52.385	872	2250	8	22	22.983	6.371	95.058	0.527	3.607	0.277	0.849
57	60	26.183	10.565	1	42	29.556	791	2251	8	10	9.829	7.772	80.474	0.863	1.265	0.791	0.896
58	152	50.132	34.066	2	113	48.870	775	2255	16	14	18.180	10.645	40.782	0.800	1.708	0.586	0.907
59	670	59.860	41.037	0	138	133.882	684	2264	49	30	53.087	16.069	158.632	0.470	3.304	0.303	0.833
60	38	45.237	15.386	18	74	28.971	851	2268	7	11	9.814	4.930	86.113	0.569	1.991	0.502	0.691
61	510	63.686	43.151	1	140	103.497	749	2269	35	26	40.220	16.145	28.293	0.598	2.491	0.401	0.844
62	255	76.012	29.402	8	125	84.627	874	2273	9	36	38.176	8.505	91.414	0.447	4.489	0.223	0.896
63	208	57.053	45.607	3	136	60.627	734	2279	15	18	17.601	15.047	123.610	0.711	1.170	0.855	0.868
64	54	29.204	11.084	6	54	32.627	839	2281	9	12	9.643	7.130	72.682	0.637	1.353	0.739	0.740
65	40	65.400	22.002	12	106	23.799	3073	2284	8	8	8.917	5.712	129.038	0.887	1.561	0.641	0.825
66	93	39.441	22.511	2	89	48.971	828	2288	7	20	20.661	5.731	92.198	0.487	3.605	0.277	0.795
67	67	43.612	12.353	14	67	34.142	843	2294	8	12	12.853	6.637	96.524	0.722	1.936	0.516	0.838
68	2226	44.657	27.356	1	128	202.267	520	2632	60	53	59.721	47.458	148.498	0.684	1.258	0.795	0.907
69	19310	39.052	29.643	0	144	744.968	510	2683	105	244	248.747	98.840	87.566	0.437	2.517	0.397	0.938
70	20	27.700	10.342	4	48	18.971	151	2735	6	7	5.723	4.449	82.190	0.698	1.286	0.777	0.690
71	13022	40.280	36.933	0	153	519.428	1875	2739	111	165	161.103	102.916	103.655	0.607	1.565	0.639	0.937
72	2772	45.338	25.832	1	115	288.510	1	2875	38	116	102.857	34.314	94.888	0.418	2.998	0.334	0.911
